1608 
4230
7099
7100
7101
7102 
4232
4231 
4234
4235
299
1610 
4223
4225
7103
7104
7105
7106
7178
7177
7190
7189
7188
7187
7176
7175
7174
7173
7186
7185
7184
7183
7172
7171
7110
7109
7106
7105
7104
7103
7108
7107
7114
7113
7112
7111
7114
7182
7181
7180
7179
4268
4336
4335
7241
7240
7239
7242
4344
4343
4342
4324
1653
1652
1655
4326
4332
4333
1656
4326
4334
4328
4329
4330
7235
7238
7237
7236
7227
7230
7229
7228
4323
4322
4346
4345
4348
4347
7226
7223
7224
7221
7222
7220
7219
7218
7217
7215
7216
4226
7094
7093
7092
7091
4222
4227
7101
7102
7099
7100
4230
4221
4220
4318
4319
4317
4320
4321
1654
4229
4236
4237
4233
4234
4231
4232
4235
4269
4270
1633
1632
1629
1631
1630
4285
4284
4286
4283
4288
4289
4290
4287
4272
4271
4274
7197
7196
7195
7198
7245
7244
7243
7246
7250
7248
7249
7247
7200
7201
7199
7202
4291
4275
4292
4273
7193
7192
7191
7210
7194
7207
7208
7209
4296
4297
4295
4298
4300
4299
4294
4293
4301
4360
4361
4357
4349
4351
4350
4358
4359
4365
4362
4354
4364
4353
4341
4338
4339
4340
1658
1660
4352
4355
4363
4366
4369
4368
4367
4370
1611
4225
4223
299
1610